1500
4000
1500
3000
2000
1000
500
1000
1000
500
1000
1500
500
1000
1000
2000
1500
1500
3000
2500
1500
2000
1000
1500
2500
1000
1500
1500
1000
1000
4500
2000
3000
2500
500
2000
2000
1000
2000
1500
1000
500
500
4000
1000
3000
1500
1000
8500
1000
500
4000
1000
1000
1000
1000
1500
1000
2000
1000
1500
2000
1500
500
1000
1000
1500
4500
500
1500
7000
500
1000
1500
2500
1000
1000
3500
2500
1000
4000
1500
1500
1500
1000
1000
2500
1000
1000
500
2500
1000
2000
2000
3000
5500
3500
2000
4000
4000
1500
500
3000
1000
1000
500
1000
1500
1500
500
500
1000
1000
2500
1500
1000
1500
1000
1500
250
1500
7000
1000
3500
2500
2500
2000
3000
2500
1500
2000
500
1000
5000
2500
1500
1500
6000
2500
2000
2500
7000
6500
1500
1000
1500
500
250
5000
3500
4000
250
1000
500
1000
250
7000
4000
3000
3000
30
3000
1000
2000
1500
1500
500
1000
1500
3500
2000
3000
500
4000
4000
1000
1000
2000
1500
2500
1500
1000
500
250
1000
500
500
1000
2000
2000
5000
1000
500
5000
1500
2000
1000
2500
5000
5000
1000
1000
1000
1000
3000
1000
3500
2000
750
1000
1000
500
1500
5500
1000
1500
1000
3500
2500
1000
500
500
2500
3500
1500
5000
500
1500
2000
1000
3000
2500
2000
1000
2500
500
500
1000
2500
1500
2500
500
500
1000
3500
2000
1000
9000
2500
1500
1000
1000
500
2000
1000
1500
1500
1000
1000
1000
1000
1000
4000
1500
3000
1500
1500
2000
8000
6000
2000
2000
8000
2000
2000
500
1000
2000
2000
1000
1500
500
1500
3000
2000
500
1000
1000
10500
1000
1500
3000
2500
2500
1000
1000
1500
1000
1000
1000
2000
500
5500
1000
1000
500
250
1500
5000
9000
2000
2000
2000
1500
2500
1000
500
1000
1500
4000
1000
500
1000
12000
1000
4500
1000
500
1000
1500
1500
3000
1000
500
1500
1000
500
1000
1000
500
5000
2000
3000
500
500
500
5000
1000
1500
1000
500
500
1500
3000
4000
1500
3000
4000
2500
6000
4000
2000
20
100
1000
6000
1000
2000
1000
1000
1500
250
5000
500
2000
500
500
1000
1500
1000
1500
2500
2000
500
1000
1000
2000
5500
2500
3000
2000
7500
3500
1000
12000
3000
6000
2000
3500
5000
1000
1500
500
3000
2000
6000
4000
11500
1500
2000
4000
1500
1000
8500
7000
1500
3000
500
1000
2000
1000
7500
2500
3500
500
7000
1500
2000
500
2000
500
6500
1000
1500
1500
500
500
6000
500
11500
5000
500
500
1000
5000
3000
4000
1500
500
3000
2000
2500
1000
3500
1000
1500
4500
500
2000
2500
250
1500
1000
2000
6000
4000
2000
1000
1500
2500
1000
6500
3500
3500
2500
1000
1500
2000
2500
1500
1000
1500
7500
1000
500
2500
1500
3000
3000
500
3500
500
1500
12000
1500
500
1000
12000
3500
1500
3500
11500
3000
2500
2000
3000
1500
3000
12000
9500
4000
2000
1000
3500
500
250
2500
5000
2500
500
11500
5000
3500
1500
500
3500
500
3500
500
500
1500
250
1500
3500
1000
1500
500
11000
1000
3000
1000
1500
500
2000
500
500
2000
500
250
1500
5500
2000
1000
2500
500
5500
1000
2000
7500
500
250
3500
250
2000
1500
250
3000
7500
3500
3500
2000
1000
4500
2500
500
1500
2500
500
7000
3000
1000
1000
250
2500
11500
2000
2000
2000
2500
1500
500
250
2000
7500
500
12000
12000
500
2000
2000
2500
3000
6000
1000
8000
1000
1500
2500
3000
2000
4000
11500
2500
2500
12000
3500
2500
2000
1500
12000
1500
9500
250
1000
500
1000
6500
250
10000
500
500
500
500
500
500
500
500
2000
10000
250
20000
8000
1500
2000
2000
2500
500
1500
6000
3500
2500
500
500
500
500
500
1000
1000
1000
500
500
500
750
1000
2000
3001
750
1000
2000
1000
1000
1000
1500
1500
500
1000
1000
2000
1500
1
4000
1000
8000
3000
5000
500
500
500
1000
500
500
500
250
10000
10000
1000
500
7000
2500
1500
8000
5000
2000
1500
500
3500
1500
2000
1000
500
1500
1500
1000
2500
2000
2000
8000
1000
1500
1500
2000
750
1000
500
500
1000
3500
2500
3000
3000
1000
500
1000
1500
1500
1500
1000
1000
1000
2000
11000
1500
1500
1500
2500
500
500
2500
500
2000
3000
4500
11500
3000
2000
250
1000
1000
4500
5000
2000
1000
1000
500
2500
2500
2500
3000
1000
500
1000
500
1000
1500
1000
2000
1000
500
1000
500
1000
750
1500
1500
1000
3000
750
2000
2500
1000
1000
1000
1000
1500
500
6000
250
2500
250
1500
9500
3500
1500
1000
2000
2000
1000
1500
1500
500
250
1000
12000
1500
2500
2000
2000
1500
3500
1500
1500
500
2000
2000
6000
250
1000
400
100
6000
3000
500
4500
1000
500
100
1000
1000
1000
8888
3000
500
1000
500
100
8
2000
2000