10
20
10
35
10
10
10
5
10
10
10
10
10
20
10
10
30
10
10
35
20
10
10
10
10
10
10
10
20
10
10
10
15
20
15
100
20
20
15
15
15
15
15
75
5
40
10
10
135
15
10
150
10
10
10
10
10
10
10
20
15
20
15
15
10
35
15
15
25
55
80
15
20
15
15
15
25
15
10
40
10
10
15
15
15
15
15
15
55
15
15
15
30
15
15
10
30
30
35
25
15
15
50
30
15
15
10
15
15
20
10
15
40
15
15
15
40
30
55
15
15
15
15
55
30
15
15
15
15
15
30
35
10
15
15
15
30
85
30
15
15
10
105
45
15
20
25
15
150
55
50
10
5
5
5
5
110
10
110
80
30
35
10
30
55
35
15
15
55
60
15
35
15
130
10
10
15
15
15
15
30
5
15
10
10
15
40
15
15
10
100
50
15
30
15
30
15
10
100
500
20
15
10
10
50
10
60
70
5
5
5
5
15
30
15
10
15
10
15
10
10
15
30
30
60
65
40
15
30
15
55
15
15
15
30
10
10
15
30
10
15
20
15
40
60
25
15
10
10
15
15
10
15
15
15
10
20
15
40
15
15
10
10
10
15
15
15
15
75
10
15
30
10
15
40
10
50
30
15
10
25
15
15
15
80
15
15
10
85
15
15
40
10
15
30
10
15
15
15
85
30
40
65
15
15
15
10
15
10
10
10
30
15
15
15
10
15
25
15
45
30
15
15
110
25
15
15
15
15
10
15
15
10
15
10
15
15
15
25
15
125
80
80
30
35
5
5
15
30
15
10
5
15
10
15
15
15
30
15
30
40
3
50
5
1
100
5
15
15
15
40
15
15
30
15
25
30
15
15
10
10
15
30
25
25
15
85
30
10
30
15
30
15
25
15
15
590
15
10
30
55
10
35
15
15
15
15
10
15
35
30
15
10
15
10
40
10
20
55
10
25
10
15
30
15
15
10
10
30
15
15
15
50
10
30
40
20
55
25
10
35
25
25
15
15
30
30
35
25
15
15
15
15
30
25
10
30
65
15
10
15
10
10
15
160
30
75
30
10
15
15
10
30
15
15
50
30
55
30
100
15
15
15
35
35
10
15
15
15
30
100
25
10
15
55
30
15
15
15
10
15
10
10
10
10
15
15
10
15
15
30
10
15
30
30
25
30
30
10
20
10
10
15
15
30
15
30
15
30
20
15
20
15
75
30
70
35
10
10
60
15
20
35
105
25
25
20
10
25
15
30
15
65
15
45
30
40
15
10
10
15
15
25
15
50
20
15
30
15
50
15
15
15
10
25
15
15
30
15
10
15
10
30
15
10
15
15
10
10
15
40
35
15
15
30
15
135
25
15
10
10
10
15
15
10
50
15
10
15
25
25
15
15
15
20
30
65
15
15
15
10
10
20
45
15
45
15
20
320
20
10
15
20
15
10
5
10
50
1000
5
2000
10
70
15
15
15
35
15
15
15
10
65
15
15
15
10
25
10
15
15
15
15
20
30
60
91
10
10
30
35
3
5
5
5
5
3
12
10
10
1
20
10
100
35
50
20
5
15
15
15
10
20
5
320
320
10
10
10
100
15
10
10
10
10
35
15
10
15
15
70
15
10
15
15
40
15
50
30
10
15
60
20
10
10
35
65
20
20
10
20
10
10
10
10
50
10
25
10
10
10
10
10
10
10
15
30
50
20
15
25
25
45
5
10
10
10
10
10
10
10
10
10
15
10
10
20
20
30
15
15
25
10
10
20
15
10
15
10
15
15
15
10
20
20
30
90
20
60
75
10
5
15
10
65
10
10
30
10
15
20
50
15
10
10
10
20
10
10
10
10
25
10
10
10
10
10
25
10
10
80
10
10
10
10
10
30
10
30
5
10
10
40
10
10
10
5
30
15
15
88
35
7
25
7
5
80
5
20