1536
4096
1920
4096
2304
1280
640
1024
1024
768
1024
3072
1024
1536
1152
2176
1792
1920
3200
2688
1920
2048
1280
1536
2816
1024
1792
1920
1536
1024
4608
2432
3072
3072
512
3072
2176
1536
4096
1792
1280
768
512
4096
384
3172
1920
1280
8576
1280
896
6144
1024
1024
1536
1152
2048
1024
3456
1152
1792
2432
1664
1152
1280
1920
1792
4096
640
2048
7296
1280
1280
1920
2944
1408
1024
3584
2688
1280
4480
1536
1792
1664
1408
1536
2816
1536
1408
1024
2816
1408
2304
2048
3072
5632
5120
3328
4480
4480
1664
1152
3328
1920
1408
1152
1152
1536
1536
896
896
1408
1280
2560
1536
1408
1536
1664
2688
512
1792
7296
1408
3584
3456
2560
2304
3328
2944
1792
2304
896
1152
5376
2688
1920
1792
6272
3584
2304
2560
7168
7040
2816
1408
2304
512
512
14336
3072
6144
384
512
384
256
256
7168
8192
13568
2560
1664
6144
1024
2944
2048
2304
1280
1536
2048
3840
2304
3200
1408
6272
4352
896
1408
2432
1536
2944
1664
768
768
512
2048
1408
1152
1536
2432
2176
8192
2048
1024
6656
1664
3072
1920
2688
8192
32768
4096
1024
512
2048
4096
256
6144
6144
512
1024
1024
384
1920
7424
1408
1664
1408
3712
2688
1408
640
1280
3584
4736
2944
5120
1024
1664
2048
1280
3456
2688
2304
1664
3840
896
768
2048
3456
1920
2560
896
1152
1920
3968
2048
1792
9344
2560
2304
1280
1024
1024
2176
1280
1536
1920
1152
2048
2176
1536
1152
4224
1792
2944
1664
1664
2176
8064
6272
3712
3328
8192
2304
2560
640
2048
3200
2048
1536
1536
1408
1536
3072
8144
1024
2048
1280
11008
2048
1920
3456
2432
2944
2048
1408
1536
1024
1280
2048
2176
1024
5632
1792
2048
1152
1024
1792
5376
9472
2304
2944
2176
1920
2688
1152
768
1024
1792
3968
1920
1280
2048
12288
1152
4992
1408
1280
1792
1664
1664
4992
768
768
1664
1024
1280
1408
1024
1024
12288
8192
2560
768
768
512
5120
1664
3072
384
256
512
2688
3072
6656
2304
2944
5760
2944
3144
4096
64
6144
1024
1024
8192
768
2304
1792
1792
1664
512
7936
768
2432
768
640
1664
1920
1152
1792
2816
3200
896
1024
1152
2176
7936
2560
4096
2048
10496
3712
1152
12288
3328
9216
2048
3840
6912
1664
1664
640
3328
3200
9216
6656
11776
1920
3584
5760
2432
1152
8704
7040
1792
3072
896
1280
2048
1152
7936
4352
5120
640
7296
1920
2304
512
3712
1280
6784
1408
1664
2688
1280
640
9216
640
11776
4992
640
768
1536
8064
4096
5504
1664
640
3200
2048
2560
1920
4864
1024
1920
6144
1280
2304
2560
640
1536
1408
2432
9216
5632
3072
1152
1664
2688
1664
6656
5248
5376
2944
1920
2432
2048
2688
2944
1792
2560
7936
1152
640
2560
2304
3456
3456
768
3456
768
1536
12288
1920
640
2176
12288
3840
1536
5376
11776
3072
2560
2432
4992
1664
3456
12288
9600
4224
2432
1664
6016
640
768
3712
7168
2560
640
11776
5120
3584
1920
768
3584
768
3968
896
896
2944
512
1792
5888
1024
2432
1152
11136
1280
4480
1792
1920
640
3072
768
1024
2048
640
768
2688
7424
2176
2176
2816
1280
7296
1408
2432
7552
640
640
3584
768
2304
1920
384
5120
9984
5504
4864
2304
1920
4608
2816
640
2688
2688
768
7168
3072
2048
1408
512
4096
11776
2176
2304
2048
2944
1920
1024
640
3456
7680
896
12288
12288
640
2304
2304
2560
3200
9216
1664
8192
1792
2560
2944
3200
3072
4096
11776
2560
2560
12288
5248
2560
2304
2688
12288
1792
9984
384
1664
768
1664
7040
384
32768
512
192
768
1024
384
192
1024
512
2048
49152
128
65536
8064
2304
3072
2304
2816
896
2816
9216
3712
2816
1024
768
768
768
768
1536
512
768
512
384
512
768
1024
2048
4071
512
256
1024
2048
1024
1024
512
768
384
1024
4096
4096
1024
100
4096
2048
8192
3072
5120
512
1024
384
768
768
192
1024
128
16384
16384
256
896
7424
3712
2432
8320
5376
2176
1920
1152
3968
1536
2176
1536
1280
2688
1920
2048
2688
3200
3584
8064
1536
1664
1536
2048
1024
384
1024
896
1664
5248
3712
2944
4608
1152
1280
1792
1920
2048
1792
1024
1920
1280
2048
11136
1792
2432
1920
2560
640
1408
3840
512
1024
1536
4864
11776
3456
2432
1024
1536
1152
4992
5120
2176
1792
1408
1408
2688
3456
3456
1536
512
768
896
512
768
1024
192
2048
512
384
384
768
384
192
256
512
768
4072
768
2048
3072
512
768
512
512
2816
768
9216
640
2688
512
2560
9984
3712
1920
2048
2432
2816
1408
1536
1920
1408
896
1152
12288
1536
2560
2304
2048
1792
3584
2560
2944
1280
2176
2048
6272
640
1408
2048
8192
9216
3456
896
4480
1920
256
192
1024
896
512
8888
6144
192
1024
192
2048
8192
502
2048