19.62
82.95
13.25
69.82
24.04
34.59
11.76
9.85
34.58
15.08
15.62
21.31
15.13
16.25
29.55
48.31
63.68
66.21
28.52
47.41
23.70
16.45
14.58
33.84
30.72
13.59
27.55
16.62
25.31
18.60
42.76
35.06
14.69
24.45
8.92
35.78
18.76
26.08
17.51
13.29
12.28
10.68
8.00
53.37
4.95
42.66
16.48
16.48
94.74
15.32
9.09
79.99
3.99
32.68
16.28
16.30
35.89
35.90
46.15
16.28
15.32
47.93
17.38
12.52
37.58
24.90
24.62
26.74
14.60
24.46
71.43
12.52
16.45
24.64
36.66
16.98
17.58
25.90
18.86
20.18
22.82
26.29
24.62
24.63
24.62
12.52
42.61
24.60
22.22
12.52
47.93
33.79
37.40
33.80
21.66
19.81
45.81
22.83
55.36
26.14
24.64
12.52
49.94
37.88
45.95
21.93
11.87
15.90
24.60
13.68
35.60
24.62
16.13
36.65
15.90
24.62
47.97
35.42
53.09
10.92
24.60
57.85
33.82
55.07
23.35
27.41
27.42
39.41
45.79
15.40
37.40
13.50
11.87
29.87
18.22
33.82
27.24
68.74
41.85
27.44
36.65
39.48
64.76
51.93
24.63
48.58
14.26
8.92
120.00
36.00
47.89
8.62
5.32
5.31
5.30
5.29
65.00
23.52
38.70
20.39
13.99
33.33
15.89
32.17
33.44
43.36
21.46
29.18
32.00
55.36
46.59
46.08
21.46
60.05
26.49
9.98
21.46
31.90
33.91
28.96
29.00
7.68
8.21
7.68
17.26
21.46
18.67
36.90
24.18
28.33
45.00
30.00
8.95
43.05
25.04
32.17
21.46
28.33
53.00
299.00
30.00
8.90
7.50
30.00
40.00
7.00
55.00
50.00
6.50
9.00
13.50
12.30
25.06
45.77
21.46
33.33
26.90
26.05
33.62
17.89
10.17
21.46
34.89
27.17
47.44
50.84
38.77
25.10
42.47
25.05
46.59
16.63
39.62
29.18
24.45
22.89
30.61
36.90
24.45
25.61
39.62
12.38
13.74
21.05
50.16
31.56
29.18
55.26
36.05
31.90
36.90
17.89
21.46
39.62
33.92
33.33
26.64
21.46
39.19
29.90
33.90
17.89
26.05
25.61
39.62
42.78
17.95
24.18
58.00
42.10
26.90
24.45
36.93
24.18
37.41
15.17
22.45
22.45
24.18
19.00
28.16
21.46
21.46
38.52
50.00
11.02
36.90
23.67
69.00
25.90
21.46
44.21
36.05
39.62
25.96
13.89
19.54
24.26
33.25
53.55
36.69
47.92
64.24
43.20
18.67
41.38
19.48
26.33
48.64
51.24
40.14
40.38
27.66
26.77
20.67
36.93
15.60
25.22
20.60
57.83
37.36
16.47
19.80
97.27
24.14
35.26
17.08
25.10
43.29
16.47
17.77
51.96
6.49
23.61
38.08
24.31
25.10
33.86
13.33
7.01
80.00
50.00
29.98
6.22
24.46
6.74
17.50
42.96
32.67
9.90
7.30
1.00
45.59
41.93
56.67
44.81
21.25
47.87
37.97
60.00
52.00
3.99
30.00
9.00
6.99
104.00
11.50
44.70
44.06
18.09
26.42
15.34
60.07
20.30
19.76
18.68
20.30
13.54
35.59
28.37
11.61
19.14
24.00
15.34
15.98
14.39
30.65
33.41
20.98
25.75
38.51
48.60
26.84
16.94
59.75
50.05
170.73
38.51
38.86
31.46
46.66
34.46
22.24
24.16
41.01
53.23
33.06
55.37
30.87
46.61
29.18
24.47
25.88
44.64
45.06
21.47
37.32
17.71
31.28
20.01
22.53
46.78
35.79
38.04
14.00
26.52
19.77
15.48
21.27
41.99
29.62
33.21
24.91
14.27
32.98
19.81
17.71
39.14
15.43
55.16
49.57
19.98
18.68
15.14
50.83
35.99
38.72
19.95
19.65
25.81
16.12
24.57
30.95
37.44
19.72
14.75
29.84
27.85
16.63
36.20
14.16
34.27
26.47
38.46
83.42
39.03
33.14
23.28
19.26
40.13
22.80
37.12
38.29
22.67
25.41
25.57
22.39
44.37
35.46
51.17
30.71
32.32
35.43
25.29
17.38
28.56
39.26
41.56
34.00
21.60
49.10
16.28
19.17
59.96
31.28
16.66
23.94
76.23
19.67
19.13
45.28
54.55
37.12
21.20
35.95
44.81
38.01
37.91
59.55
31.05
43.93
36.01
22.80
27.20
16.65
16.51
25.02
42.06
36.13
14.63
54.55
41.30
26.82
35.59
17.28
26.61
21.34
42.47
16.77
14.91
40.52
14.23
26.94
59.12
17.14
30.98
19.29
53.32
13.44
33.14
30.69
29.21
17.62
59.84
15.98
16.65
30.57
17.17
15.74
17.47
42.39
16.37
49.91
25.06
23.48
42.38
27.55
39.39
30.96
17.21
13.61
19.21
16.31
16.92
30.61
14.10
22.16
37.96
45.72
42.01
47.12
38.45
43.78
36.60
15.30
40.06
38.47
16.50
26.26
29.59
16.07
26.34
16.83
42.86
34.66
23.81
16.71
27.69
36.98
30.93
22.21
17.43
41.49
27.19
16.78
36.70
84.44
18.75
16.85
28.12
28.56
37.58
53.02
15.38
32.20
25.62
17.18
16.87
41.16
20.50
22.52
55.78
39.78
17.22
60.37
28.05
48.08
39.69
39.98
59.35
19.49
51.56
14.02
24.09
7.68
24.09
41.02
9.88
227.55
7.00
5.62
7.68
8.00
6.99
5.99
5.50
6.82
26.66
550.00
3.99
999.99
39.54
50.83
14.03
19.08
28.40
17.82
17.52
53.43
42.04
21.53
27.43
8.95
9.00
9.05
9.10
13.00
7.00
7.68
6.82
8.01
8.70
11.60
17.40
34.80
52.20
8.00
5.00
15.50
24.00
4.72
9.99
9.99
9.99
6.00
4.72
12.00
19.99
19.00
1.00
35.00
30.00
70.80
25.00
35.55
7.00
5.50
6.99
7.68
7.68
5.99
8.00
3.99
190.28
190.28
5.00
12.73
38.35
40.08
32.01
47.75
41.90
35.51
34.87
21.21
42.45
19.11
23.81
30.16
28.26
30.02
22.24
14.98
32.55
38.71
41.68
55.44
18.01
26.89
15.00
38.40
11.92
6.90
11.18
15.35
22.75
29.97
18.83
14.15
20.11
18.25
25.48
19.24
17.42
21.45
26.19
13.76
26.46
23.46
24.72
33.45
26.15
34.21
26.34
14.72
13.74
17.91
19.00
9.00
13.00
15.00
43.96
46.11
35.63
32.25
11.10
11.96
16.41
31.00
36.20
32.46
19.21
13.18
25.65
13.76
18.33
27.20
15.99
8.49
9.50
14.50
6.70
6.49
13.49
5.00
17.00
7.00
4.99
6.30
7.68
6.99
4.99
7.50
8.00
12.82
50.00
11.60
32.00
43.00
6.99
6.00
7.30
6.00
43.55
15.73
44.63
13.62
34.48
11.08
25.83
52.16
16.18
19.42
26.54
20.19
26.31
16.73
11.90
12.60
18.70
13.51
11.25
49.31
17.01
13.46
16.74
15.01
22.25
14.97
27.00
34.97
25.52
17.85
24.63
24.23
12.64
15.25
5.00
9.95
44.78
21.79
15.64
16.50
33.45
4.99
4.50
14.50
6.50
5.00
88.88
33.33
3.90
12.00
3.90
12.00
8.00
5.02
2.00